51	'number of materials in this database'																																													
id	case'	'name'	'data source'	bulk density'	'thermal capacity'	'thermal conductivity'	'thermal conductivity'	'capillary moisture content' 	absorbivity for short wave radiation [-]'	Equation type (vdc(1))	vdc(2)	vdc(3)	vdc(4)	vdc(5)	vdc(6)	vdc(7)	(nret)	reta1	retn1	retm1	retw1	Ci	Wi	reta2	retn2	retm2	retw2	reta3	retn3	retm3	retw3	keq	ka(j)	kb(j)	kreta(j1)	kretn(j1)	kretm(j1)	kretw(j1)	kreta(j2)	kretn(j2)	kretm(j2)	kretw(j2)	kreta(j3)	kretn(j3)	kretm(j3)	kretw(j3)
-	-	-	-	'[kg/m3]'	'[J/kgK]'	'[W/mK] - dry term'	'[W/mK] moisture term - * w'	'[kg/m3]'		vapour diffusion coefficient							Moisture storage parameters C and w (coefficients for the equation)															equation type for logK	Coefficients for the calculation of log10 of the liquid permeability/conductivity													
1	1	'concrete'	'HAMSTAD benchmark 1'	2.20E+03	8.29E+02	1.50E+00	1.58E-02	1.46E+02	0.5	1	2.61E-05	2.00E+02	5.03E-01	4.97E-01	0	0	1	-8.00E-08	1.60E+00	3.75E-01	1.00E+00	1.46E+02	1.46E+02	0	0	0	0	0	0	0	0	2	-7.30E+01	-3.93E+01	0	0	0	0	0	0	0	0	0	0	0	0
2	2	'polysterene'	'HAMSTAD benchmark 1'	8.80E+01	8.40E+02	3.30E-02	5.90E-04	9.00E+02	0.5	1	2.61E-05	9.60E+00	5.03E-01	4.97E-01	0	0	1	-2.00E-04	2.00E+00	5.00E-01	1.00E+00	9.00E+02	9.00E+02	0	0	0	0	0	0	0	0	1	-50	0	0	0	0	0	0	0	0	0	0	0	0	0
3	3	'ceramic brick'	'HAMSTAD benchmark 4'	2.01E+03	8.40E+02	5.00E-01	4.50E-03	1.57E+02	0.5	1	2.61E-05	3.00E+01	5.03E-01	4.97E-01	0	0	2	-1.25E-05	1.65E+00	3.94E-01	3.00E-01	1.57E+02	1.57E+02	-1.80E-05	6.00E+00	8.33E-01	7.00E-01	0	0	0	0	3	1.91E-09	-1.63E+00	2.96E-05	6.62E+00	8.49E-01	8.91E-01	4.17E-07	1.17E+00	1.45E-01	5.00E-04	1.09E-06	2.04E+00	5.10E-01	1.09E-01
4	4	'plaster'	'HAMSTAD benchmark 4'	7.90E+02	8.70E+02	2.00E-01	4.50E-03	2.09E+02	0.5	1	2.61E-05	3.00E+00	5.03E-01	4.97E-01	0	0	1	-2.00E-06	1.27E+00	2.13E-01	2.09E+02	1	1	0	0	0	0	0	0	0	0	2	-1.20E+02	-3.30E+01	0	0	0	0	0	0	0	0	0	0	0	0
5	5	'outside mineral plaster base layer'	'EIFS Vlietbuilding - KULeuven' 	1.50E+03	1.05E+03	1.20E+00	0	2.31E+02	0.5	1	2.61E-05	2.11E+01	5.03E-01	4.97E-01	0	0	3	-7.21E-06	1.40E+00	2.86E-01	6.00E-01	2.31E+02	2.31E+02	-1.02E-06	1.50E+00	3.33E-01	3.33E-01	-2.04E-09	6.00E+00	8.33E-01	6.70E-02	3	3.36E-12	-5.00E-01	1.16E-05	4.55E+00	7.80E-01	1.31E-01	3.72E-06	3.73E+00	7.32E-01	1.52E-01	5.45E-08	2.01E+00	5.03E-01	7.17E-01
6	6	'outside mineral plaster top layer'	'EIFS Vlietbuilding -KULeuven'	1.62E+03	1.05E+03	1.20E+00	0	1.26E+02	0.5	1	2.61E-05	2.00E+01	5.03E-01	4.97E-01	0	0	3	-4.08E-06	3.00E+00	6.67E-01	5.99E-01	1.26E+02	1.26E+02	-9.58E-07	1.85E+00	4.60E-01	3.55E-01	-2.04E-08	2.44E+00	5.91E-01	4.60E-02	3	7.11E-13	-1.36E+00	1.54E-06	1.21E+01	9.18E-01	4.78E-01	6.80E-07	2.92E+00	6.57E-01	3.56E-01	6.89E-08	3.22E+00	6.89E-01	1.66E-01
7	7	'calcium silicate'	'Anne-Séverine'	2.70E+02	1.00E+03	6.00E-02	5.60E-04	8.94E+02	0.5	1	2.61E-05	5.60E+00	8.00E-01	2.00E-01	0	0	3	-2.46E-06	1.50E+00	3.33E-01	5.00E-02	8.94E+02	8.94E+02	-2.00E-06	2.00E+00	5.00E-01	1.00E-01	-2.47E-06	4.80E+00	7.92E-01	8.50E-01	4	0	0	0	0	0	0	0	0	0	0	0	0	0	0
8	8	'cement mortar'	'TUDresden'	1.86E+03	8.40E+02	8.70E-01	0	1.76E+02	0.6	1	2.61E-05	2.50E+01	8.00E-01	2.00E-01	0	0	1	-6.80E-07	1.35E+00	2.59E-01	6.50E-01	1.76E+02	1.76E+02	0	0	0	0	0	0	0	0	4	0	0	0	0	0	0	0	0	0	0	0	0	0	0
9	9	'cement mortar 2'	'KULeuven - lambda missing'	2.20E+03	8.40E+02	8.70E-01	0	2.38E+02	0.5	1	2.61E-05	4.28E+01	5.03E-01	4.97E-01	0	0	3	-8.00E-08	2.20E+00	5.45E-01	1.00E-01	2.38E+02	2.38E+02	-1.00E-06	1.60E+00	3.75E-01	6.00E-01	-3.60E-06	2.40E+00	5.83E-01	3.00E-01	3	3.40E-11	-7.21E-01	3.18E-06	5.14E+00	8.05E-01	1.32E-01	1.32E-06	2.63E+00	6.20E-01	5.03E-01	1.15E-07	2.15E+00	5.34E-01	3.65E-01
10	10	'cement mortar 1'	'KULeuven - lambda missing'	2.00E+03	8.40E+02	8.70E-01	0	2.00E+02	0.5	1	2.61E-05	1.67E+02	5.03E-01	4.97E-01	0	0	3	-2.10E-08	2.60E+00	6.15E-01	3.76E-01	2.00E+02	2.00E+02	-2.30E-07	3.10E+00	6.77E-01	4.40E-01	-2.90E-06	2.00E+00	5.00E-01	1.84E-01	3	6.98E-11	-1.02E+00	3.88E-06	3.28E+00	6.95E-01	5.88E-01	2.98E-07	5.07E+00	8.03E-01	3.94E-01	1.43E-08	3.47E+00	7.11E-01	1.80E-02
11	11	'wood fibre board'	'IEA Annex 24'	3.00E+02	1.88E+03	5.50E-02	0	1.50E+02	0.5	3	2.31E-05	2.73E+02	1.81E+00	7.50E-02	2.18E-03	5.00E+00	1	-6.67E-07	1.42E+00	2.94E-01	1.00E+00	1.50E+02	1.50E+02	0	0	0	0	0	0	0	0	1	-50	0	0	0	0	0	0	0	0	0	0	0	0	0
12	12	'plywood'	'IEA Annex 24'	5.00E+02	1.88E+03	1.00E-01	0	2.00E+02	0.5	3	2.31E-05	2.73E+02	1.81E+00	5.00E-03	3.37E-06	1.08E+01	1	-5.88E-07	1.34E+00	2.52E-01	1.00E+00	2.00E+02	2.00E+02	0	0	0	0	0	0	0	0	1	-50	0	0	0	0	0	0	0	0	0	0	0	0	0
13	13	'gypsum plaster'	'Goossens 2003 - cet & lambda missing'	9.90E+02	0.00E+00	0.00E+00	0	3.03E+01	0.5	2	2.31E-05	2.73E+02	1.81E+00	4.24E+00	0	0	1	-5.07E-07	1.80E+00	4.44E-01	1.00E+00	3.04E+01	3.04E+01	0	0	0	0	0	0	0	0	1	-50	0	0	0	0	0	0	0	0	0	0	0	0	0
14	14	'cellulose insulation'	'Peukhuri 2003'	6.50E+01	1.38E+03	4.00E-02	0	2.34E+01	0.5	2	2.31E-05	2.73E+02	1.81E+00	1.77E+00	0	0	1	-1.66E-07	1.58E+00	3.65E-01	1.00E+00	2.35E+01	2.35E+01	0	0	0	0	0	0	0	0	1	-50	0	0	0	0	0	0	0	0	0	0	0	0	0
15	15	'perlite insulation'	'Peukhuri 2003'	1.00E+02	1.00E+03	5.00E-02	0	1.98E+01	0.5	2	2.31E-05	2.73E+02	1.81E+00	1.89E+00	0	0	1	-5.49E-06	1.85E+00	4.59E-01	1.00E+00	1.98E+01	1.98E+01	0	0	0	0	0	0	0	0	1	-50	0	0	0	0	0	0	0	0	0	0	0	0	0
16	16	'aerated cellular concrete'	'Peukhuri 2003'	4.50E+02	9.00E+02	1.10E-01	0	2.58E+02	0.5	3	2.31E-05	2.73E+02	1.81E+00	1.00E-01	1.47E-04	5.15E+00	1	-1.52E-03	1.32E+00	2.41E-01	1.00E+00	2.58E+02	2.58E+02	0	0	0	0	0	0	0	0	1	-50	0	0	0	0	0	0	0	0	0	0	0	0	0
17	17	'flax insulation'	'Peukhuri 2003'	3.00E+01	1.38E+03	4.00E-02	0	3.70E+02	0.5	2	2.31E-05	2.73E+02	1.81E+00	1.30E+00	0	0	1	-4.58E-06	1.95E+00	4.87E-01	1.00E+00	3.70E+02	3.70E+02	0	0	0	0	0	0	0	0	1	-50	0	0	0	0	0	0	0	0	0	0	0	0	0
18	51	'ceramic brick'	'Jan Carmeliet'	-1	-1	-1	0	1.64E+02	0.5	4	0	0	0	0	0	0	-1	-7.33E-06	1.55E+00	3.53E-01	1.28E-01	1.64E+02	1.64E+02	-2.93E-05	2.30E+00	5.65E-01	8.72E-01	0	0	0	0	4	0	0	0	0	0	0	0	0	0	0	0	0	0	0
19	52	'calcium silicate'	'Jan Carmeliet'	-1	-1	-1	0	2.28E+02	0.5	4	0	0	0	0	0	0	-1	-4.53E-07	1.81E+00	4.48E-01	7.50E-01	2.28E+02	2.28E+02	-1.06E-05	1.97E+00	4.91E-01	2.50E-01	0	0	0	0	4	0	0	0	0	0	0	0	0	0	0	0	0	0	0
20	53	'wood homogeneous non-isotropic'	'KULeuven'	4.94E+02	1.88E+03	5.00E-01	0	1.23E+02	0.5	4	0	0	0	0	0	0	-1	-1	-1	-1	-1	-1	-1	-1	-1	-1	-1	-1	-1	-1	-1	1	-50	0	0	0	0	0	0	0	0	0	0	0	0	0
21	54	'early wood non-isotropic'	'KULeuven'	4.94E+02	9.00E+02	5.00E-01	0	5.72E+02	0.5	2	2.31E-05	2.73E+02	1.81E+00	2.60E+00	0	0	2	-8.10E-08	1.60E+00	3.75E-01	2.60E-01	5.72E+02	5.72E+02	-5.00E-07	6.00E+00	8.33E-01	7.40E-01	0	0	0	0	1	-50	0	0	0	0	0	0	0	0	0	0	0	0	0
22	55	'late wood non-isotropic'	'KULeuven'	4.94E+02	1.88E+03	5.00E-01	0	3.85E+02	0.5	2	2.31E-05	2.73E+02	1.81E+00	2.90E+01	0	0	2	-8.10E-08	1.60E+00	3.75E-01	3.80E-01	3.85E+02	3.85E+02	-5.00E-07	6.00E+00	8.33E-01	6.20E-01	0	0	0	0	1	-50	0	0	0	0	0	0	0	0	0	0	0	0	0
23	11	'wood copy mat 11 + Bestest600'	'dryprop-bestest'	5.30E+02	9.00E+02	1.40E-01	0	1.50E+02	0.5	3	2.31E-05	2.73E+02	1.81E+00	7.50E-02	2.18E-03	5.00E+00	1	-6.67E-07	1.42E+00	2.94E-01	1.00E+00	1.50E+02	1.50E+02	0	0	0	0	0	0	0	0	1	-50	0	0	0	0	0	0	0	0	0	0	0	0	0
24	14	'insulation copy mat 14 + Bestest600'	'dryprop-bestest'	1.20E+01	8.40E+02	4.00E-02	0	2.34E+01	0.5	2	2.31E-05	2.73E+02	1.81E+00	1.77E+00	0	0	1	-1.66E-07	1.58E+00	3.65E-01	1.00E+00	2.35E+01	2.35E+01	0	0	0	0	0	0	0	0	1	-50	0	0	0	0	0	0	0	0	0	0	0	0	0
25	4	'plaster copy mat 4 + Bestest600'	'dryprop-bestest'	9.50E+02	8.40E+02	1.60E-01	4.50E-03	2.09E+02	0.5	1	2.61E-05	3.00E+00	5.03E-01	4.97E-01	0	0	1	-2.00E-06	1.27E+00	2.13E-01	2.09E+02	1.00E+00	1.00E+00	0	0	0	0	0	0	0	0	2	-1.20E+02	-3.30E+01	0	0	0	0	0	0	0	0	0	0	0	0
26	1	'concrete mat1 + BESTEST 900 '	'dryprop-bestest'	1.40E+03	1.00E+03	5.10E-01	1.58E-02	1.46E+02	0.5	1	2.61E-05	2.00E+02	5.03E-01	4.97E-01	0	0	1	-8.00E-08	1.60E+00	3.75E-01	1.00E+00	1.46E+02	1.46E+02	0	0	0	0	0	0	0	0	2	-7.30E+01	-3.93E+01	0	0	0	0	0	0	0	0	0	0	0	0
27	14	'insulation copy mat 14 + Bestest900 wall'	'dryprop-bestest'	1.00E+01	1.40E+03	4.00E-02	0	2.34E+01	0.5	2	2.31E-05	2.73E+02	1.81E+00	1.77E+00	0	0	1	-1.66E-07	1.58E+00	3.65E-01	1.00E+00	2.35E+01	2.35E+01	0	0	0	0	0	0	0	0	1	-25	0	0	0	0	0	0	0	0	0	0	0	0	0
28	11	'wood copy mat 11 + Bestest600 piso'	'dryprop-bestest'	6.50E+02	1.20E+03	1.40E-01	0	1.50E+02	0.5	3	2.31E-05	2.73E+02	1.81E+00	7.50E-02	2.18E-03	5.00E+00	1	-6.67E-07	1.42E+00	2.94E-01	1.00E+00	1.50E+02	1.50E+02	0	0	0	0	0	0	0	0	1	-25	0	0	0	0	0	0	0	0	0	0	0	0	0
29	0	'wood siding (exterior) Annex41 Bestest 600'	IEA Annex 24 - Spruce pg 53'	5.30E+02	9.00E+02	1.40E-01	4.0E-04	1.26E+02	0.5	5	-2.84E-04	-9.26E-13	-2.25E+07	-2.18E+08	-6.94E+06	0	1	-8.00E-08	1.00E+00	5.81E-01	1.00E+00	1.26E+02	1.26E+02	0	0	0	0	0	0	0	0	1	-25	0	0	0	0	0	0	0	0	0	0	0	0	0
30	0	'cellulose insulation Annex41 Bestest 600'	IEA Annex 24 - Cellulose pg 87'	5.50E+01	1.88E+03	4.00E-02	1.4E-03	2.36E+01	0.5	4	1.20E-10	0	0	0	0	0	1	-8.00E-08	1.00E+00	7.55E-01	1.00E+00	2.36E+01	2.36E+01	0	0	0	0	0	0	0	0	1	-25	0	0	0	0	0	0	0	0	0	0	0	0	0
31	0	'wood panel (interior) Annex41 Bestest 600'	IEA Annex 24 - Spruce pg 53'	3.95E+02	1.88E+03	1.60E-01	4.0E-04	1.26E+02	0.5	5	-2.84E-04	-9.26E-13	-2.25E+07	-2.18E+08	-6.94E+06	0	1	-8.00E-08	1.00E+00	5.81E-01	1.00E+00	1.26E+02	1.26E+02	0	0	0	0	0	0	0	0	1	-25	0	0	0	0	0	0	0	0	0	0	0	0	0
32	0	'timber flooring Annex41 Bestest 600'	IEA Annex 24 - Spruce pg 53'	6.50E+02	1.88E+03	1.40E-01	4.0E-04	1.26E+02	0.5	5	-2.84E-04	-9.26E-13	-2.25E+07	-2.18E+08	-6.94E+06	0	1	-8.00E-08	1.00E+00	5.81E-01	1.00E+00	1.26E+02	1.26E+02	0	0	0	0	0	0	0	0	1	-25	0	0	0	0	0	0	0	0	0	0	0	0	0
33	0	'insulation (floor) Annex 41 Bestest 600'	IEA Annex 24 - Fiber Glass Insulation pg 77 + no mositure transfer'	8.00E+01	8.40E+02	4.00E-02	0	4.03E-01	0.5	4	1.58E-10	0	0	0	0	0	1	-8.00E-08	1.00E+00	4.53E-01	9.99E-01	4.03E-01	4.03E-01	0	0	0	0	0	0	0	0	1	-25	0	0	0	0	0	0	0	0	0	0	0	0	0
34	0	roof deck Annex 41 Bestest 600'	IEA Annex 24 - plywood pg 56'	5.30E+02	1.88E+03	1.40E-01	4.0E-04	1.59E+02	0.5	5	-2.77E-05	2.39E-13	-9.62E+07	-162790728	-3.02E+07	0	1	-5.00E-08	1.00E+00	5.70E-01	1.00E+00	1.59E+02	1.59E+02	0	0	0	0	0	0	0	0	1	-25	0	0	0	0	0	0	0	0	0	0	0	0	0
35	0	'concrete CFD-HAM'	-	2.20E+03	8.30E+02	1.50E+00	0	1.46E+02	0.5	6	-3.21E-13	1.37E-12	0	0	0	0	1	-5.00E-08	1.00E+00	7.19E-01	1.03E+00	1.46E+02	1.46E+02	0	0	0	0	0	0	0	0	1	-25	0	0	0	0	0	0	0	0	0	0	0	0	0
36	0	'aerated concrete'	'IEA Annex 41 - CE1 - 0B'	6.50E+02	8.40E+02	1.80E-01	0	4.30E+01	0.5	4	3.00E-11	0	0	0	0	0	50	4.30E+01	0	0	0	0	0	0	0	0	0	0	0	0	0	1	-25	0	0	0	0	0	0	0	0	0	0	0	0	0
37	0	'aerated concrete'	'IEA Annex 41 - CE1 - 0B'	6.50E+02	8.40E+02	1.80E-01	0	4.30E+01	0.5	4	3.00E-11	0	0	0	0	0	1	-8.00E-08	4.00E-01	3.200E+00	1.00E+00	4.30E+01	4.30E+01	0	0	0	0	0	0	0	0	1	-25	0	0	0	0	0	0	0	0	0	0	0	0	0
38	0	'aerated concrete-dnk'	'IEA Annex 41 - CE1 - 1'	6.00E+02	8.40E+02	1.80E-01	0	3.00E+02	0.5	7	1.76E-10	1.16E-01	6.28E-03	4.19	0	0	1	-8.00E-08	4.00E-01	3.200E+00	1.00E+00	3.00E+02	3.00E+02	0	0	0	0	0	0	0	0	1	-25	0	0	0	0	0	0	0	0	0	0	0	0	0
39	0	0	0	0	0	0	0	0	0	0	0	0	0	0	0	0	0	0	0	0	0	0	0	0	0	0	0	0	0	0	0	0	0	0	0	0	0	0	0	0	0	0	0	0	0	0
40	0	0	0	0	0	0	0	0	0	0	0	0	0	0	0	0	0	0	0	0	0	0	0	0	0	0	0	0	0	0	0	0	0	0	0	0	0	0	0	0	0	0	0	0	0	0
41	0	'1 Mineral plaster'	'IEA Annex 41 - CE3 - FhG'	1900	850	0.8	0	56.25	0.4	4	7.73E-11	0	0	0	0	0	50	56.25	0	0	0	0	0	0	0	0	0	0	0	0	0	1	-25	0	0	0	0	0	0	0	0	0	0	0	0	0
42	0	'2 Polystyrene'	'IEA Annex 41 - CE3 - FhG'	30	1500	0.04	0	0	0.4	4	3.87E-11	0	0	0	0	0	50	0	0	0	0	0	0	0	0	0	0	0	0	0	0	1	-25	0	0	0	0	0	0	0	0	0	0	0	0	0
43	0	'3 Brick'	'IEA Annex 41 - CE3 - FhG'	1650	850	0.6	0	11.25	0.4	4	2.03E-10	0	0	0	0	0	50	11.25	0	0	0	0	0	0	0	0	0	0	0	0	0	1	-25	0	0	0	0	0	0	0	0	0	0	0	0	0
44	0	'4 Old plaster'	'IEA Annex 41 - CE3 - FhG'	1721	850	0.2	0	2.25	0.4	4	1.49E-10	0	0	0	0	0	50	2.25	0	0	0	0	0	0	0	0	0	0	0	0	0	1	-25	0	0	0	0	0	0	0	0	0	0	0	0	0
45	0	'5 Gypsum plaster'	'IEA Annex 41 - CE3 - FhG'	850	850	0.2	0	7.875	0.4	4	2.33E-10	0	0	0	0	0	50	7.875	0	0	0	0	0	0	0	0	0	0	0	0	0	1	-25	0	0	0	0	0	0	0	0	0	0	0	0	0
46	0	'6 Mineralwool1)'	'IEA Annex 41 - CE3 - FhG'	60	850	0.04	0	0	0.4	4	1.49E-09	0	0	0	0	0	50	0	0	0	0	0	0	0	0	0	0	0	0	0	0	1	-25	0	0	0	0	0	0	0	0	0	0	0	0	0
47	0	'7 Wood'	'IEA Annex 41 - CE3 - FhG'	400	1500	0.09	0	75	0.4	4	9.67E-12	0	0	0	0	0	50	75	0	0	0	0	0	0	0	0	0	0	0	0	0	1	-25	0	0	0	0	0	0	0	0	0	0	0	0	0
48	0	'8 Concrete screed'	'IEA Annex 41 - CE3 - FhG'	1950	850	1.6	0	47.5	0.4	4	2.58E-11	0	0	0	0	0	50	47.5	0	0	0	0	0	0	0	0	0	0	0	0	0	1	-25	0	0	0	0	0	0	0	0	0	0	0	0	0
49	0	'9 Concrete'	'IEA Annex 41 - CE3 - FhG'	2300	850	1.6	0	106.25	0.4	4	1.07E-11	0	0	0	0	0	50	106.25	0	0	0	0	0	0	0	0	0	0	0	0	0	1	-25	0	0	0	0	0	0	0	0	0	0	0	0	0
50	0	'10 PVC linoleum'	'IEA Annex 41 - CE3 - FhG'	1000	1500	0.16	0	0	0.4	4	1.29E-13	0	0	0	0	0	50	0	0	0	0	0	0	0	0	0	0	0	0	0	0	1	-25	0	0	0	0	0	0	0	0	0	0	0	0	0
51	0	'11 aluminium foil'	'IEA Annex 41 - CE3 - FhG'	1	1	1000	0	0	0.4	4	9.67E-18	0	0	0	0	0	50	0	0	0	0	0	0	0	0	0	0	0	0	0	0	1	-25	0	0	0	0	0	0	0	0	0	0	0	0	0
																																														
1	2	3	4	5	6	7	8	9	10	11	12	13	14	15	16	17	18	19	20	21	22	23	24	25	26	27	28	29	30	31	32	33	34	35	36	37	38	39	40	41	42	43	44	45	46	47
